0.982
0.983
1.001
0.984
1.031
0.988
0.975
1.035
1.005
1.03
1.038
0.951
0.978
0.972
1.014
0.981
0.979
0.984
0.974
0.975
1.025
0.93
0.995
1.025
0.974
1.044
1.013
1.045
1.033
1.043
1.064
1.029
1.03
1.002
0.913
0.99
1.035
1.036
1.085
0.982
0.974
1.024
0.967
1.054
0.996
1.016
0.997
1.033
1.01
1.032
0.961
0.988
1.029
1.029
1
1.036
0.975
1.041
1.017
0.935
1.014
1.007
0.999
0.966
1.031
0.969
0.978
1.013
0.996
0.963
1.007
0.977
0.972
1.056
1.003
1.001
1.041
0.968
0.974
1.014
1.008
1.012
0.91
1.01
0.987
1.007
1.023
1.001
0.999
0.973
1.008
1.002
1.04
0.985
0.991
1.013
1.001
1.013
1.055
1.047
0.984
1.001
1.025
1.009
1.025
1.06
0.981
1.006
1.022
1.011
0.983
0.966
0.949
0.941
0.979
0.972
1.044
1.074
0.977
1.026
0.988
0.922
0.991
0.978
0.952
0.971
1.005
0.992
0.946
1.051
0.977
1.037
1.059
0.982
1.011
0.979
0.957
0.96
1.049
0.985
0.996
0.973
0.969
0.975
1.03
1.033
0.953
0.985
1.017
0.979
0.963
1.021
1.018
1.015
0.944
0.973
0.994
0.96
1.006
0.985
1.013
0.969
0.989
1.003
0.94
1.037
1.02
1.024
0.975
0.987
0.981
1.003
1.037
0.99
1.007
1.014
0.97
0.979
1.026
0.987
1.03
1.043
0.95
0.954
1.012
1.008
0.965
1.007
0.986
1.038
0.948
0.927
0.954
1.042
0.981
1.032
1.009
1.016
1.016
0.9
1.01
1.004
0.96
0.978
0.995
1.038
0.962
0.983
0.954
0.958
1.006
1.035
0.987
1.015
1.01
1.018
0.961
0.98
0.991
1.003
1.067
0.973
0.953
0.941
1.019
1.01
1.03
1.013
0.989
0.981
1.015
1.004
1.007
0.975
0.947
0.99
1.022
1.007
0.991
0.993
1.019
0.959
1.003
1.029
1.026
0.977
1.065
1.023
0.954
1.029
1.002
1.045
0.996
1.009
1.026
0.982
1.016
0.983
0.968
0.985
1.04
1.044
1
0.994
0.962
0.951
0.982
1.024
0.982
1.014
0.982
1.012
1.039
0.988
0.967
0.994
1.034
1.033
1.047
1.023
1.001
1.054
1.057
0.994
1.062
0.966
1.013
0.957
1.026
0.967
1
1.039
0.993
0.932
1.02
0.986
1.018
0.974
1.051
0.978
0.951
1.024
1.029
0.95
1.04
0.994
0.986
1.04
1.05
0.94
1.033
1.002
0.995
1.046
1.011
0.941
0.93
0.996
0.998
1.042
0.975
0.986
0.986
0.998
1.004
1.021
0.976
0.997
1.011
1.107
1.01
1.026
1.022
0.912
1.052
0.956
0.95
1.004
1.063
1.022
1.017
1.054
1.016
1.006
1.034
1.062
0.988
1.005
0.992
1.059
1.047
1.043
0.976
0.972
0.953
0.972
1.017
0.992
0.992
0.966
1.017
0.965
0.973
1.006
1.041
1.009
0.943
0.966
0.955
0.993
1.052
0.987
1.028
0.983
0.982
0.994
0.991
1.023
0.994
0.979
1.03
0.969
1.017
1.032
1.048
0.979
0.999
0.955
0.98
0.955
0.953
0.999
1.076
0.958
1.082
1.02
1.011
0.97
0.998
1.057
0.983
1.022
0.984
0.96
0.98
0.977
1.009
0.962
0.991
1.051
0.986
0.972
1.002
0.996
1.036
0.987
0.981
0.995
1
1.034
1.015
0.969
1.042
0.962
1.031
0.996
0.969
0.991
1.004
0.99
1.008
0.981
0.983
1.065
0.963
1.03
0.96
0.97
1.069
1.009
1.034
1.015
0.95
1.04
0.986
0.987
0.979
0.969
1.054
0.977
1.014
0.969
1.043
0.96
1.009
0.999
0.952
1
0.983
1
1.007
0.986
0.986
1.024
0.944
1.01
0.982
0.955
1.033
1.013
1
0.977
0.989
1.033
0.975
1.001
0.949
0.962
1.058
0.996
1.006
0.958
1.023
0.999
0.972
0.997
0.937
0.972
0.992
1.003
0.953
1.011
0.987
1.016
1.018
0.947
1.01
1.034
0.952
0.952
0.985
0.972
1.022
0.982
0.98
0.987
0.979
1.03
1.006
1.011
1.001
0.996
1.06
0.986
0.987
0.989
0.996
1.028
0.996
0.965
1.017
1.066
0.979
1.069
0.951
1.111
1.001
1.057
0.981
1.023
1.024
0.975
0.962
1.023
1.044
0.979
0.999
0.971
0.995
0.971
0.968
0.969
1.076
0.998
1.008
0.98
0.999
0.929
1.045
1.007
1.009
0.978
1.09
0.948
0.987
1.088
1
1.022
0.98
1.009
0.989
0.956
0.985
0.996
1.013
0.952
1.018
0.975
0.951
0.983
1.001
0.965
0.978
0.997
1.022
0.991
0.977
0.989
1.036
1.023
0.998
1.036
1.016
0.99
0.979
0.999
0.993
1.019
0.96
0.984
1.004
0.996
0.991
1.037
0.991
1.005
1.046
0.955
1.004
1.035
1.024
1.012
0.995
1.011
1.01
0.997
1.039
1.006
1.041
0.972
1.014
0.998
0.988
0.946
1.022
1.031
1.044
0.974
1.034
0.982
1.027
1.004
1.002
1.006
1.049
0.984
0.995
1.001
1.045
1.005
1.01
1.024
1.008
1.057
0.94
1.023
0.919
1.027
0.996
1.005
0.965
0.956
1.007
1.023
1.023
0.972
0.953
1.053
0.989
0.959
1.005
0.981
1.016
1.01
1.014
0.98
1.009
1.035
0.991
1
0.956
1.058
1.011
1.064
1
0.971
0.976
0.992
1.014
0.965
0.973
1.027
1.003
1.006
0.944
1.02
1.025
1.047
1.03
0.976
0.944
1.006
0.947
0.94
0.987
0.969
1.012
0.971
1.022
0.985
1.01
0.968
1.001
1.014
1.005
1.06
0.968
1.022
1.032
0.984
1.004
1.024
0.962
0.938
1.001
1.029
0.968
1.024
0.981
1
0.969
1.009
0.999
0.963
0.994
1.027
0.948
0.927
0.995
1.013
1.016
1.065
0.987
0.98
1.039
0.952
1.015
1.042
1.057
0.992
0.968
0.953
1.031
1.002
1.001
1.016
1.034
1.03
1.005
0.998
1.023
0.96
1.019
0.975
1.028
1.029
0.978
0.982
1.008
0.969
1.007
1.011
0.959
1.019
0.988
0.961
1.004
0.991
0.998
1.003
1.05
1.004
1.047
1.03
1.002
0.929
0.978
1.01
0.986
1.014
1.041
0.987
0.997
1.02
0.998
0.984
0.998
0.985
0.993
0.979
1.004
1.013
0.983
0.97
1.03
1.053
1.047
0.999
1.061
1.017
0.977
1.058
1.009
1.004
1.02
1.018
0.991
0.955
1.004
1.021
0.959
1.012
0.999
1.021
1.008
1.034
0.971
0.998
1.008
0.986
0.986
1.025
1.009
0.988
0.964
0.923
0.955
1.003
1.001
0.996
0.968
0.963
0.994
1.004
0.951
1.014
0.959
0.968
0.999
0.969
0.969
1.022
1.031
0.985
0.993
0.982
0.959
0.981
0.951
0.94
1.064
0.945
0.981
1.009
1.053
1.036
0.998
0.989
0.997
1.017
1.039
1.03
1.06
0.964
0.963
0.959
1.039
0.997
1.006
1.027
1.073
0.98
1.01
0.989
0.998
0.979
0.973
1.016
1.008
0.995
0.979
0.959
1.021
0.951
0.986
1.012
0.977
1.009
1.064
1.003
1.032
1.042
1.036
1.041
0.923
0.981
1.014
0.964
1.032
1.052
0.974
0.988
1.009
1.034
1.033
1.08
0.975
1.035
0.953
0.958
1.074
1.005
1.029
0.999
1.001
1.075
0.961
1.033
0.99
1.015
0.997
1.039
0.974
1.054
0.962
1.016
0.976
0.986
0.964
0.972
0.921
0.988
1.013
0.943
1.057
1.022
0.985
1.013
1.028
1.045
1.014
1.018
0.999
0.978
0.938
1.018
1.032
0.996
0.994
1.06
1.022
0.959
1.029
1.007
0.992
0.925
0.958
1.036
0.981
1.035
0.996
0.973
0.954
0.98
1.002
0.957
0.985
0.99
1.007
1.036
0.99
0.909
0.997
1.05
0.998
1.004
0.984
1.017
0.986
0.973
1.011
0.973
1.038
0.962
1.018
0.985
0.992
0.979
1.039
1.02
0.974
1.021
1.014
1.005
1.035
1.037
1.012
1.052
0.996
0.975
0.955
0.978
1.016
1.001
1.026
1.025
1.005
1.063
1.01
